295.9666
290.2297
52.0760
71.3838
56.1118
183.0042
213.0601
30.7283
0.1194
46.6475
84.5770
8.1901
104.3314
0.7852
2.2295
124.9523
124.9523
0.0282
0.0004
2.1410
23.9407
16.3360
1.6022
0.0000
4.5204
6.7028
0.3503
6.2022
25.4395
52.9679
204.2888
17.7054
21.9798
1.0116
1.0116
22.3014
140.8194
14.2409
5.2005
7.0652
0.9484
102.2304
4.8271
2.7354
35.0373
40.3850
0.3200
2.2070
0.0059
84.3327
4.0235
1.9974
31.4287
0.3270
10.8303
18.7850
0.4425
36.1222
6.0732
1.8387
146.4278
12.6258
6.1052
2.9704
1.2756
153.4176
2.9976
120.0052
151.2507
1.8180
38.8224
38.8224
6.5679
2.7714
58.2929
214.0347
133.2149
3.2718
3.3135
10.8797
26.1826
6.4395
12.9774
0.9060
123.4359
0.0000
81.9806
81.9806
0.0254
0.3340
12.5392
48.9350
48.9350
149.1211
149.1211
1.7458
1.7458
0.0031
2.1111
0.0005
4.5182
1.7314
90.1011
90.1011
1.2432
1.2432
0.0000
1.0956
23.1550
1.1297
20.7612
87.3522
0.1995
73.6120
46.7970
3.4805
23.8759
26.1861
0.3873
3.7466
21.3283
15.3024
1.9997
23.2637
33.6228
73.3018
13.0144
13.1513
28.3484
11.3786
5.4627
76.3879
256.6497
1.9379
8.1939
98.2691
99.1577
5.0083
164.5957
197.0622
70.4791
70.4791
72.8207
24.4918
190.9971
190.9971
17.1854
96.9474
3.3662
2.9972
34.2995
37.8152
6.9352
13.3624
1.3851
8.1205
11.7517
0.5373
0.5900
23.7899
70.5414
6.0157
90.3078
90.3078
0.0045
1.0580
28.0915
44.1679
4.5814
0.0113
53.2967
108.5297
42.5608
7.5251
34.4056
0.6101
18.7264
20.1126
51.4033
2.4260
3.7991
3.9742
17.8968
0.0058
1.1205
33.2426
0.0000
19.4315
0.0922
6.8064
12.3061
6.1912
0.0019
0.5268
122.2910
41.3846
22.2720
22.2720
9.2098
175.7859
55.1859
0.0010
57.7257
3.6175
2.0942
34.3421
15.2268
15.2268
42.7203
10.3821
67.1590
9.6001
1.3210
6.0416
0.1647
48.7181
2.9166
35.4302
74.3027
74.3027
0.0002
90.2566
1.5009
122.3832
122.3832
5.4271
4.4939
26.5848
10.8833
5.2989
41.6940
57.8203
15.6576
0.7594
0.1694
52.4527
26.3685
8.5232
0.0043
2.6651
21.2171
5.5665
9.1011
11.4831
8.8766
9.2193
0.9618
6.4501
165.7796
53.6008
37.1708
26.6500
17.8427
0.0008
9.9690
0.0806
4.6852
127.4122
0.9609
26.9633
111.6984
0.0511
28.2014
1.1217
4.8046
3.5111
8.7299
12.9821
0.0019
5.9571
0.0000
1.3902
110.3510
162.3642
241.0040
6.2009
21.7596
261.0688
261.0688
6.4111
109.3105
12.7206
26.0302
0.9692
12.2839
33.4417
30.5607
2.5274
38.4228
7.8297
7.8297
60.1013
1.7413
295.9666
291.1368
1.1169
178.7210
53.1694
0.0000
11.5109
27.0972
0.0163
3.6134
21.2883
0.0427
4.0006
6.6070
14.6398
18.5236
18.5236
93.4222
90.1629
26.9047
23.6838
4.7306
14.1080
35.5164
6.2148
3.5488
97.9132
7.9966
9.2878
12.9691
28.5453
17.6192
10.3505
0.3892
15.9293
14.8242
17.9685
59.4961
5.9252
51.9804
2.4873
47.8326
0.9533
15.3419
4.9519
0.5555
3.8517
13.2392
11.1658
65.2715
101.5783
4.1794
46.4114
168.9310
100.5684
0.0180
12.4515
26.1183
10.8745
32.6468
0.0093
17.4437
0.0000
0.0391
19.9270
4.6676
26.7325
1.3225
2.6896
137.1933
6.4584
2.8320
23.7790
69.0176
70.2011
0.0172
7.5491
0.0001
133.9128
295.9666
9.9787
210.7313
0.8077
4.5227
11.8449
3.4443
6.7804
7.0311
43.0860
17.1958
12.1532
13.1099
1.9676
3.1355
52.8551
12.8764
9.6224
12.8374
4.1147
4.8621
70.9106
5.3031
45.7915
51.3859
10.9895
0.7011
21.2760
8.0614
0.0005
7.7972
0.8093
0.0000
6.5872
0.2289
7.5439
2.1381
142.7388
142.7388
112.7100
112.7100
32.4461
25.2080
5.1878
3.4878
82.3272
210.1159
34.2627
34.2627
82.8047
82.8047
2.9197
90.2099
90.2099
8.7692
25.1884
38.2909
6.7652
16.0710
31.0527
0.3580
5.3783
3.3890
0.0027
92.9345
0.0788
5.9287
66.1043
66.1043
12.6582
269.2281
13.7226
13.7226
9.6346
21.9394
21.9394
29.6324
0.0100
165.7371
1.7296
2.3764
15.0075
8.6718
8.1804
5.1220
0.0230
6.6376
6.4007
4.9552
9.1560
75.7185
3.8956
93.7927
29.6972
0.2258
1.1430
0.1318
25.5938
1.2413
2.9108
76.3032
3.1628
112.8292
2.2092
0.3573
25.3124
4.7882
291.8650
295.9666
17.1883
10.6108
83.6400
35.8199
37.6898
4.8527
40.7516
24.0027
114.4511
17.6344
186.9141
68.6958
52.2497
6.9057
6.9057
16.9977
65.0081
31.1943
53.1180
1.0021
120.8542
120.8542
55.2438
0.3852
4.0654
189.5489
189.5489
0.0000
17.8620
211.9119
211.9119
0.0650
5.3891
3.0894
20.9542
0.0223
22.8437
3.4853
4.1613
0.0795
11.4643
243.9120
35.3024
0.0712
0.0712
11.4048
13.2387
0.1187
34.3910
3.1318
9.4048
89.5875
88.2149
0.0007
0.0103
18.4316
18.2024
0.0034
37.8526
1.9998
7.5879
0.0083
6.2428
1.3625
0.9127
0.5904
23.4897
43.8225
2.4935
31.7116
8.8323
6.6527
11.3160
249.5022
262.5249
18.9695
58.0459
3.6146
1.1052
18.0757
8.9998
76.2921
22.3832
111.5854
111.5854
26.1462
2.6250
93.4119
93.8640
194.4958
213.9458
22.6544
71.3498
69.0095
0.4587
0.0025
2.5525
90.1989
0.0083
4.1702
29.2429
1.4822
0.0084
295.9666
295.9666
3.5806
0.4237
0.0603
0.0018
4.8530
87.3240
0.2172
0.2172
2.6070
0.0011
95.2508
4.5365
3.3289
6.6163
0.6895
34.5468
49.8079
56.0993
14.3291
11.5398
1.1035
1.7843
10.7665
0.0377
1.5297
53.9688
4.7669
1.0339
0.4499
9.4684
42.1674
89.2604
62.6563
47.7918
48.5820
6.4636
3.6851
218.5104
218.5104
12.7764
31.2882
36.3703
39.7210
78.5353
67.1208
24.5809
47.4834
2.4256
94.2944
94.2944
0.7763
6.0021
3.8164
0.7814
4.7161
0.9672
1.0462
0.0013
0.8251
26.1381
12.7597
1.5106
3.8181
1.9955
81.6481
81.6481
3.0381
75.1148
36.2910
2.4222
24.6057
0.9476
6.1987
46.5484
37.4970
140.1827
0.0000
10.0526
5.6315
0.2239
295.9666
7.1062
1.9037
0.0203
0.3421
2.3037
35.3188
6.0728
5.7583
9.8310
295.9666
223.2237
223.2237
0.0027
162.5762
13.0296
2.9622
6.3490
90.8378
90.8378
32.8276
33.3914
3.6151
39.3925
39.3925
18.0886
2.3183
27.6929
11.1309
9.9603
6.6809
136.8588
24.4762
0.0051
0.1026
13.5225
48.4198
48.4198
50.5091
50.5091
159.3039
159.3039
3.1517
19.0319
31.1785
0.2717
47.6930
2.7965
14.7211
2.2600
5.5009
0.4477
4.1326
2.7265
14.2994
0.1609
5.2289
5.1816
8.1974
0.1486
17.1808
15.5142
3.4411
24.7083
0.0000
90.8189
152.3313
13.7049
9.1869
0.0019
5.3233
25.2416
4.0104
1.4210
78.7806
151.4897
154.2716
0.5104
28.6698
0.7711
1.0879
295.9666
295.9666
1.1347
16.9204
1.1109
1.0784
2.3967
30.8677
0.5047
4.8898
1.4614
0.0102
70.5150
0.0222
0.0882
19.0050
0.0001
18.4056
0.0001
11.1863
19.3497
93.2913
5.3174
2.8295
102.8352
102.8352
50.0249
11.2060
51.3557
5.3716
0.0101
33.9207
0.8363
5.0628
5.7095
9.8232
19.8689
0.0049
7.8940
21.8534
1.9249
2.9949
33.1008
16.2526
2.0239
1.7897
22.7537
0.0002
5.1214
8.1428
14.7686
24.8553
17.4348
10.7170
10.0644
8.8480
2.1834
15.2841
0.0000
26.5734
26.6556
0.0335
63.8133
9.6637
56.3185
273.6784
273.6784
1.6684
176.4809
174.0530
22.4102
18.8453
18.8453
17.4049
40.1209
41.7898
0.0563
7.0296
77.1711
3.3639
0.0022
28.7106
23.4814
27.3511
8.0444
8.0444
18.0803
0.0022
12.9660
8.5076
64.9647
3.2119
24.4282
10.4815
10.4815
0.0014
50.6230
3.2494
58.3895
3.3742
0.4309
29.1679
7.2886
2.1727
0.0014
3.9123
0.0846
6.2143
22.7104
4.4793
8.8948
0.0254
12.3832
9.2652
6.6066
4.8889
25.5681
24.6406
5.0177
1.9608
0.0061
0.0493
0.0060
1.8202
268.4372
295.9666
295.9666
83.5608
231.8475
231.8475
22.1560
22.1560
2.9433
0.0523
30.5567
38.6184
60.0552
295.9666
295.9666
18.2051
0.5004
100.5602
24.4937
104.4682
104.4682
1.4471
0.0486
22.3704
1.9500
11.4778
58.1762
59.2253
69.1530
8.8303
0.1684
33.3875
33.3875
8.6571
4.8714
11.1208
8.2096
3.4935
0.2187
21.4868
21.4868
0.0019
36.4503
132.3335
0.0059
0.7526
19.7910
3.0282
22.2160
7.1963
7.1963
30.1117
30.4260
0.1352
4.4424
12.5009
52.1315
1.6837
0.0002
9.3546
3.2254
1.9572
1.5445
0.3712
0.0000
0.0064
18.0151
7.7878
0.0150
11.2621
14.9970
0.8129
4.2103
104.5052
2.3178
1.2692
13.9434
71.2424
0.0036
2.1863
13.2835
181.0216
236.8367
160.6949
20.9967
75.0491
75.0491
71.4528
73.1936
61.3894
3.8095
18.3835
4.3605
4.3605
8.5402
8.5402
64.0248
2.5704
9.7398
9.0938
2.7847
0.7380
38.2195
55.9585
24.4536
24.4536
0.0064
3.9289
3.9289
12.1385
23.8771
20.7232
29.6580
69.4987
45.5268
45.5268
0.2901
2.3796
0.0024
27.8347
27.8347
51.0644
2.1568
1.4182
25.5629
125.0060
125.0060
10.1940
2.9760
1.8716
33.8995
6.7834
7.3187
28.4773
0.0014
16.8367
65.8648
5.9358
19.9454
22.5192
10.1955
7.1010
0.0010
0.0021
54.1382
2.4391
88.5303
36.8579
5.8934
7.2156
1.5676
0.6815
2.1572
0.5614
1.2352
75.6091
10.1183
3.4681
7.5099
6.7182
0.1932
4.4448
21.8840
3.2046
295.9666
295.9666
11.5223
11.5223
20.7519
171.1828
12.1384
72.0017
72.0017
62.0211
2.7229
40.3614
3.1581
259.0396
6.9675
65.5541
65.5541
5.6101
78.6759
95.0283
4.5671
4.5140
2.4664
36.0265
13.1624
13.5937
1.0374
9.1003
33.4240
4.0287
4.0287
41.0164
5.6708
5.6708
0.1640
36.9305
0.0316
1.3540
0.0349
8.4880
92.5816
7.6722
8.7970
23.8169
22.2965
0.3221
25.2395
24.9565
6.4636
3.3105
8.8545
0.0000
2.3503
1.4895
33.5685
10.6558
74.9687
16.5524
23.4116
1.0623
27.3019
12.1608
82.8933
164.8420
2.6615
83.2700
19.1673
20.6994
9.4565
9.4565
74.5130
29.6552
29.5991
255.8470
255.8470
54.0277
54.0277
22.6683
14.1060
0.9887
4.8495
4.8495
63.4412
5.2918
0.0099
79.9270
62.7607
3.7830
3.7830
7.2037
1.5451
4.3215
4.6238
48.5342
48.5342
21.8274
7.5448
6.9730
0.0006
227.2033
229.3726
3.5301
18.5433
2.9176
15.5875
106.2999
106.2999
4.8814
29.6863
7.7435
17.0366
1.5055
2.3458
7.0345
8.7002
1.5861
36.0633
27.7915
22.8738
3.4914
15.0632
123.5319
0.1479
31.2041
24.8037
0.2569
41.4910
5.6586
38.4303
27.7226
85.0879
84.8241
105.2940
28.7778
36.9674
0.2373
22.3444
4.5879
1.2199
4.1289
19.5137
77.8145
136.9360
128.6208
16.6507
4.6149
55.6822
55.6822
119.0199
0.0000
0.0003
6.6385
6.6385
0.4881
2.9877
17.3086
49.7381
3.1082
45.5045
8.0566
8.0937
0.0161
0.5051
11.2838
6.7791
45.3690
0.8355
53.9355
6.1179
27.8870
7.3632
3.0271
5.9341
0.0005
286.9316
14.5597
20.7692
17.8777
39.9366
25.6650
4.4138
0.0104
43.9764
1.0461
0.4276
13.6567
10.9159
176.2432
56.0776
22.5279
0.6951
19.3763
13.8102
19.8014
14.5294
37.2370
82.4417
194.5994
193.6301
30.0907
14.8470
79.3816
162.2335
162.2335
16.1488
28.9058
30.0448
40.1600
0.0003
203.0126
7.3531
167.0108
83.6526
50.8894
2.0183
0.0069
8.6829
11.2669
0.0001
39.2632
39.2632
21.5028
51.9667
27.2832
34.8245
0.0660
6.6626
35.7064
196.5042
196.5042
7.7192
0.0019
9.7771
2.2329
0.0066
27.5287
128.9065
137.2976
7.5412
0.0426
29.6622
29.6795
7.3436
0.3353
61.1468
1.1311
33.5171
36.4440
57.4280
10.7699
35.7346
3.3172
11.7819
146.3482
9.3647
2.6514
3.4949
5.2625
8.0183
0.1006
0.0013
5.9403
3.5508
0.8381
3.1747
0.3607
13.0777
36.2313
32.9291
133.6161
31.3717
55.6469
1.5941
2.5601
2.4717
27.1789
49.2571
295.9666
295.9666
149.4745
88.3019
4.7746
30.2397
15.8441
2.0167
30.9565
21.2029
30.9115
3.8876
12.0510
77.3485
81.5300
0.0295
123.4440
123.4440
0.0039
27.9016
40.5995
13.9268
0.0057
7.3403
7.0876
19.3054
6.9931
4.3585
21.6392
21.6392
0.6843
5.1236
12.7889
133.5551
2.4831
0.0046
0.1234
115.6323
24.8486
26.1572
0.9949
2.9348
15.2874
31.2507
8.3670
8.9599
6.3066
23.1239
17.2115
14.3268
0.0548
1.6794
0.0997
2.3666
10.4044
1.7599
0.0045
4.9731
6.2210
2.5183
0.0000
6.6367
6.9482
76.3664
263.7022
260.0460
22.1931
1.0567
137.2746
185.3108
32.6180
0.6292
47.2887
73.3201
14.6269
277.1006
277.1006
37.7603
33.6015
4.2620
1.1137
0.0000
30.8354
36.3616
131.2827
3.9643
139.8883
139.8883
0.1381
0.0001
0.0948
0.0017
1.9423
16.8419
89.8687
77.3565
5.8664
20.6229
0.0787
115.0816
25.5663
58.7946
30.5332
5.6683
28.0128
15.4072
0.1393
0.0105
26.5237
7.5667
3.2975
4.2295
10.4617
8.1503
0.0001
75.7368
37.5471
3.7300
5.4618
3.0845
89.2322
71.2712
51.2872
5.6574
4.0845
34.8422
5.2474
9.2832
111.2287
8.1226
0.0046
0.0027
3.1291
5.7311
0.0571
40.6260
1.5327
26.8021
1.9147
118.7427
7.8895
3.4263
2.3277
19.6419
0.0038
3.1635
1.9228
8.1509
154.4290
184.9445
63.7442
21.6706
0.7207
288.5794
288.5794
28.3098
28.3098
0.1715
170.7402
174.8755
23.2091
48.5566
110.4580
39.2110
5.0338
4.7621
1.2842
9.9349
164.9787
164.9787
10.3807
12.5437
1.1177
10.5741
4.9431
21.2617
0.7790
32.4532
0.1337
0.1355
29.0631
255.3307
255.3307
24.2557
8.2578
13.2541
13.2541
0.1690
7.8183
32.2612
35.5002
29.2647
0.0018
2.1002
114.2199
6.0494
0.0008
4.0990
92.2627
1.0190
142.1235
0.0001
75.8640
10.4893
1.7408
7.2925
3.8423
22.4305
0.0007
4.1483
0.0300
21.1814
1.0344
32.1552
41.8310
8.7635
17.8510
0.0001
0.0001
0.0018
73.2424
11.5589
11.2972
4.3358
1.2139
0.3527
0.6127
153.4377
35.0308
68.7299
1.5636
276.7796
276.7796
76.4265
3.2706
9.3525
9.3525
129.1117
32.2881
6.5525
116.9304
112.5885
26.3754
37.9988
9.2891
5.9014
45.9876
36.1303
36.5263
17.4095
3.4146
3.2822
20.5733
5.5956
65.9407
56.1696
28.2302
28.2302
57.7553
57.7553
0.7922
89.2468
0.2637
85.5788
24.7729
4.7089
10.2632
2.4138
18.3733
14.7080
15.2226
2.0149
11.2615
1.7187
5.0209
224.4329
295.9666
74.2596
72.7881
23.3998
24.7821
295.9666
3.4976
5.0490
13.5422
28.6004
32.4196
40.1619
12.3523
5.9798
5.1202
32.3934
0.0870
17.5977
84.4356
7.7168
8.5031
94.4088
0.0506
60.9155
7.4405
4.5635
10.0442
10.0442
34.2480
67.9248
132.5058
53.8334
6.0886
2.3224
54.3527
2.5279
13.5180
12.3335
9.2837
0.0071
89.9413
8.2511
4.9431
14.4097
21.6200
67.1144
50.7837
76.4058
1.1127
0.0000
106.8656
24.1126
0.4482
5.0568
29.6083
8.3063
3.0877
0.4075
1.0306
61.0549
27.9664
63.5154
21.6671
140.5269
140.5269
138.3814
138.3814
4.9941
295.9666
295.9666
102.0116
104.7355
0.9901
3.0832
18.6919
14.9451
14.9451
3.9254
8.3297
0.0021
12.4727
8.1760
47.0369
195.6285
0.5999
137.7406
137.7406
0.0009
1.0440
2.8830
92.6610
47.6758
0.5460
0.0000
4.6366
6.6112
0.0007
10.2483
10.2483
5.5195
1.3804
0.2625
8.2514
37.8448
39.1219
1.0274
1.0274
15.9788
8.5912
11.2592
46.0317
182.0093
4.4111
101.0093
12.4796
18.3848
4.5531
14.3051
4.1920
94.9620
20.8260
0.0009
32.0078
5.7820
25.1047
11.2646
2.6420
14.6267
1.5795
10.3394
49.3401
51.6883
11.1021
12.1094
1.2892
4.5473
150.4689
242.5890
53.6441
43.1102
3.3693
19.6271
25.8914
87.2536
61.5388
1.8112
169.5324
295.9666
0.0812
9.5522
45.1176
48.3695
19.2278
19.6136
23.4755
128.8173
3.5332
0.0001
15.0117
15.1639
34.3431
0.3018
25.8524
50.9295
0.9515
4.8727
3.9189
10.6498
0.0001
71.4701
5.4692
17.4697
1.1986
10.8267
22.7487
39.5338
5.9010
0.0002
0.1508
12.1254
2.8462
0.0028
51.2569
0.0409
5.9897
8.5338
29.2559
6.3731
95.4948
0.4009
40.6890
42.0863
0.3412
0.0005
10.3477
47.6190
5.1164
5.2418
2.5639
2.1258
110.3644
40.6329
118.4537
0.0055
0.4387
10.5135
1.5310
25.6190
56.0492
0.0001
9.0385
10.3910
4.6884
4.6505
18.2902
26.3788
86.3164
142.5173
222.0140
212.0837
15.0961
158.4819
158.4819
140.4587
140.4587
5.6121
0.0000
34.4672
72.5279
111.1973
0.7895
96.0160
73.8573
4.8620
35.4387
0.0037
26.7537
3.9809
2.5449
4.7586
28.7908
3.2135
0.0508
63.5337
0.7533
0.7609
10.6334
0.0465
43.3179
10.7721
13.3044
3.1380
4.0314
0.0010
132.7302
0.0036
4.6116
15.4005
69.3993
100.3872
22.7148
0.2081
1.9061
8.2278
1.4429
0.0161
6.3638
5.8647
48.3909
47.3179
8.3647
6.7055
0.1132
0.2449
30.7523
7.0153
0.0173
0.0028
9.7462
25.6501
3.5159
0.5521
0.0036
13.5864
20.0311
0.0015
0.0006
0.0000
19.1213
6.9211
6.2221
145.1171
12.7913
26.7255
0.0271
2.0866
5.1616
5.1616
22.6281
27.3047
76.9948
114.1094
99.1121
0.0066
44.6910
37.6403
24.7425
22.2938
8.2164
19.0842
154.9029
136.7157
17.3217
19.2769
8.7537
1.3185
0.0017
55.8569
34.9262
34.9262
3.5383
3.2614
3.4209
3.4789
11.9555
1.0679
0.0004
149.4551
13.6935
11.0676
7.3056
7.3056
0.0000
0.1474
0.2169
12.7434
30.7648
10.9092
126.7010
23.2287
29.0740
10.8769
36.4153
36.4153
3.5870
6.7048
3.7539
28.1324
2.9606
28.5882
42.8519
10.6277
0.3465
0.2179
1.2899
18.0172
67.4572
4.4056
6.7896
1.3111
44.7805
0.0029
0.0003
20.0843
6.3527
228.6274
154.0182
152.6470
96.1711
47.7577
4.0810
58.2521
5.9340
8.1292
15.0445
20.3600
69.0855
69.0855
62.0375
0.0010
89.1377
0.9153
15.1304
92.8142
24.4653
3.6615
3.8292
29.4733
11.1456
117.5895
125.2675
43.1025
2.2566
163.9929
163.9929
22.5347
9.4530
0.0016
31.9735
1.3886
3.9388
97.7182
13.5320
4.8475
0.2192
27.6308
7.5520
34.8421
0.0008
24.1332
5.3699
118.7170
0.0031
0.0093
0.0000
23.3476
16.6505
34.6985
3.4159
96.6831
30.7427
97.9090
5.4396
0.0072
0.1828
30.5295
12.3075
4.5807
0.0199
14.4730
11.1877
1.2903
11.5594
2.7171
21.0908
0.7316
70.6811
0.0007
0.0031
1.8229
8.9780
13.8111
274.7212
132.7802
2.5685
2.6858
121.1387
14.3627
11.2316
5.3534
21.2386
1.3877
1.3877
2.1845
262.2094
262.2094
0.2622
57.2749
6.8244
10.3074
0.0003
5.3699
5.0209
8.9515
65.4880
25.9297
130.8570
49.3073
49.3073
5.9546
21.1169
16.6104
45.7615
26.0504
26.0504
13.8318
2.4835
1.0656
28.8479
28.9320
38.6553
2.3524
0.9748
0.6019
19.8935
1.1853
0.0126
9.3702
21.2629
36.4929
3.1468
12.4204
3.5345
7.9579
2.0650
48.0852
1.7851
36.4262
1.9505
4.8607
34.3610
30.5851
0.0100
12.4776
16.4341
16.8900
7.3972
3.9484
5.3089
14.6477
151.9573
79.6026
79.6026
59.5864
59.5864
110.8680
8.6095
2.5079
25.2208
4.8993
255.8082
255.8082
4.8112
14.1068
14.1068
95.9001
146.6224
28.3383
44.6916
0.0016
239.0280
239.0280
196.0407
6.6175
2.3178
12.1959
20.7167
10.6189
2.2320
2.0212
0.0218
1.7526
9.2595
39.1362
9.4781
45.6447
9.5454
6.7893
0.0005
130.1290
12.6460
9.2909
79.3770
0.0054
21.7502
4.3309
10.0865
32.9564
148.9844
22.8009
22.7875
3.9589
1.3933
20.3063
117.0335
279.2544
279.7165
36.9048
18.2201
74.0085
40.0890
79.4621
79.4621
73.9841
0.0039
0.0007
1.8127
4.4832
29.5511
20.7097
2.7029
15.4760
22.2280
0.0200
9.4208
8.3932
6.6604
74.5879
10.5683
20.2293
63.8605
143.7192
5.6340
0.1101
123.4545
94.1326
110.7453
3.5346
15.3019
1.0115
33.1935
25.1363
8.8007
6.4610
9.0362
1.2906
0.3103
7.6875
18.6551
3.2423
25.2380
0.0090
2.2569
0.0085
0.2188
0.0001
34.3403
0.0207
14.0918
1.9735
1.8740
10.0673
21.0368
12.7041
43.8267
64.4102
13.5846
0.0058
49.8698
117.6179
